# Created by Octave 8.3.0, Mon Oct 09 08:59:27 2023 GMT <unknown@Bia>
# name: ans
# type: scalar
0


